15 15
-1 -1 -1 -1 -1 -256 -1 -1 -1 -1 -1 -1 -1 -1 -1
-1 -65281 -65281 -256 -256 -256 -256 -256 -256 -1 -1 -1 -1 -1 -1
-1 -65281 -65281 -256 -256 -256 -256 -256 -256 -256 -1 -1 -1 -1 -1
-1 -256 123 -256 -256 -256 -256 -256 -256 -256 -1 -1 -1 -1 -1
-1 -256 -256 -256 -256 -256 -256 -256 -256 -256 -1 -1 -1 -1 -1
-256 -256 -256 -256 -256 123 -256 -256 -256 -256 -256 -1 -1 -1 -1
-1 -256 -256 -256 -256 -256 -256 -256 -256 -256 -1 -1 -1 -1 -1
-1 -256 -256 -256 -256 -256 -256 -256 -256 -256 -1 -1 -1 -1 -1
-1 -256 -256 -256 -256 -256 -256 -256 -256 -256 -1 -1 -1 -1 -1
-1 -1 -256 -256 -256 -256 -256 -256 -256 -16711681 -1 -1 -1 -1 -1
-1 -1 -65281 -65281 -65281 -65281 -65281 -65281 -65281 -16777216 -16711681 -1 -1 -1 -1
-1 -1 -65281 -65281 -65281 -65281 -65281 -65281 -65281 -16777216 -1 -16711681 -1 -1 -1
-1 -1 -65281 -65281 -65281 -65281 -65281 -65281 -65281 -1 -1 -1 -16711681 -1 -1
-1 -1 -65281 -65281 -65281 -65281 -65281 -65281 -65281 -1 -1 -1 -1 -16711681 -1
-1 -1 -65281 -65281 -65281 -65281 -65281 -65281 -65281 -1 -1 -1 -1 -1 -16711681
